cam0:
  T_cam_imu:
  - - -0.9999713160646231
    - 0.005810299032150423
    - -0.004858752220812281
    - 0.011582467082730937
  - - -0.005798170437680789
    - -0.9999800488691415
    - -0.0025066079161821446
    - 0.004314037594427898
  - - -0.0048732194247602875
    - -0.0024783641433119316
    - 0.9999850546101235
    - -0.003703335775374078
  - - 0.0
    - 0.0
    - 0.0
    - 1.0
  cam_overlaps:
  - 1
  camera_model: pinhole
  distortion_coeffs:
  - -0.007072736031358906
  - 0.06422182211539766
  - -0.08643019035086855
  - 0.03308816080767053
  distortion_model: equidistant
  intrinsics:
  - 290.7304838204764
  - 289.601145219177
  - 418.73226600517444
  - 398.3632230501782
  resolution:
  - 848
  - 800
  rostopic: /camera/fisheye1/image_raw
  timeshift_cam_imu: 0.003757899410706066
cam1:
  T_cam_imu:
  - - -0.9999984877404711
    - 0.0006314046743984818
    - 0.0016204458980469696
    - -0.052351470652669305
  - - -0.0006348151482825977
    - -0.9999975829876551
    - -0.0021050008493727697
    - 0.004089276541344853
  - - 0.0016191128740333225
    - -0.0021060263496682293
    - 0.999996471557033
    - -0.0037077477254617132
  - - 0.0
    - 0.0
    - 0.0
    - 1.0
  T_cn_cnm1:
  - - 0.9999655991533285
    - 0.005162707769665277
    - 0.006492068884334038
    - -0.06393176909317795
  - - -0.005165260371748295
    - 0.9999865890832316
    - 0.00037648235727255657
    - -0.00016348249907196036
  - - -0.006490038151347578
    - -0.0004100026320996225
    - 0.999978855427766
    - 7.24491644839191e-05
  - - 0.0
    - 0.0
    - 0.0
    - 1.0
  cam_overlaps:
  - 0
  camera_model: pinhole
  distortion_coeffs:
  - 0.05453275710007573
  - -0.15942220855883305
  - 0.21575024019926148
  - -0.10092384355522183
  distortion_model: equidistant
  intrinsics:
  - 289.09499279944896
  - 287.6113616705111
  - 412.6846257613642
  - 399.3636379941044
  resolution:
  - 848
  - 800
  rostopic: /camera/fisheye2/image_raw
  timeshift_cam_imu: 0.0037849943401226938
