cam0:
  cam_overlaps:
  - 1
  camera_model: pinhole
  distortion_coeffs:
  - 0.01824730910204479
  - -0.004129415654141867
  - 0.0059969158246718085
  - -0.0015358835498758075
  distortion_model: equidistant
  intrinsics:
  - 459.7437288480334
  - 460.1718101623125
  - 550.4966385116653
  - 554.177787819053
  resolution:
  - 1100
  - 1100
  rostopic: /flir/cam0/image_raw
cam1:
  T_cn_cnm1:
  - - 0.9998718466826272
    - 0.013908818797715237
    - 0.007926851274092888
    - -0.11835722675282402
  - - -0.013802345760319013
    - 0.9998158597298782
    - -0.01333198725297666
    - -0.00017754108614585702
  - - -0.008110823816473179
    - 0.013220869572507388
    - 0.9998797043368574
    - 0.00056137155118095
  - - 0.0
    - 0.0
    - 0.0
    - 1.0
  cam_overlaps:
  - 0
  camera_model: pinhole
  distortion_coeffs:
  - 0.03436098815542031
  - -0.05000299528398783
  - 0.06108607409363495
  - -0.025665933627370387
  distortion_model: equidistant
  intrinsics:
  - 459.1907892561409
  - 459.5139868296814
  - 541.0666540951322
  - 561.1157917413661
  resolution:
  - 1100
  - 1100
  rostopic: /flir/cam1/image_raw
