cam0:
  cam_overlaps:
  - 1
  camera_model: pinhole
  distortion_coeffs:
  - -0.0005816842417577593
  - 0.08625550893556834
  - -0.14254444744803196
  - 0.0835240084891537
  distortion_model: equidistant
  intrinsics:
  - 463.03633149689495
  - 463.7420991615777
  - 550.7246303872446
  - 551.6771731850886
  resolution:
  - 1100
  - 1100
  rostopic: /stereo/left/image_raw
cam1:
  T_cn_cnm1:
  - - 0.9999062889722924
    - 0.013392156149921803
    - 0.00283961745948184
    - -0.11707470620932522
  - - -0.013366893452921365
    - 0.9998724935259072
    - -0.008736294964364595
    - -0.00030567161536763785
  - - -0.0029562532162063534
    - 0.00869751941315717
    - 0.9999578059713224
    - 0.005701242834909263
  - - 0.0
    - 0.0
    - 0.0
    - 1.0
  cam_overlaps:
  - 0
  camera_model: pinhole
  distortion_coeffs:
  - 0.02904639015524337
  - -0.05691934881864534
  - 0.10247894127389645
  - -0.0702373801909529
  distortion_model: equidistant
  intrinsics:
  - 465.4009751413733
  - 465.89405732904993
  - 542.2507732527565
  - 556.9887235669287
  resolution:
  - 1100
  - 1100
  rostopic: /stereo/right/image_raw
