cam0:
  T_cam_imu:
  - - 0.027401964358851533
    - -0.998460487501301
    - 0.048226416494917435
    - -0.0006395774556328176
  - - -0.01098613006439847
    - -0.04854242276288437
    - -0.998760701138425
    - 0.003059085259076364
  - - 0.999564123653648
    - 0.02683818345146366
    - -0.012299374518292855
    - 0.005273008738488747
  - - 0.0
    - 0.0
    - 0.0
    - 1.0
  cam_overlaps:
  - 1
  camera_model: pinhole
  distortion_coeffs:
  - -0.0005816842417577593
  - 0.08625550893556834
  - -0.14254444744803196
  - 0.0835240084891537
  distortion_model: equidistant
  intrinsics:
  - 463.03633149689495
  - 463.7420991615777
  - 550.7246303872446
  - 551.6771731850886
  resolution:
  - 1100
  - 1100
  rostopic: /stereo/left/image_raw
  timeshift_cam_imu: 0.012704462259815051
cam1:
  T_cam_imu:
  - - 0.030090648260703068
    - -0.998940798274117
    - 0.03481141236319102
    - -0.11765828265435409
  - - -0.020083495419710384
    - -0.035424384623271854
    - -0.9991705390901939
    - 0.0027155061945486145
  - - 0.9993453887915713
    - 0.029366554403470302
    - -0.021128165644250907
    - 0.011002526290253625
  - - 0.0
    - 0.0
    - 0.0
    - 1.0
  T_cn_cnm1:
  - - 0.999906288972292
    - 0.013392156149921805
    - 0.00283961745948184
    - -0.11707470620932522
  - - -0.013366893452921367
    - 0.9998724935259068
    - -0.008736294964364597
    - -0.00030567161536763785
  - - -0.0029562532162063534
    - 0.008697519413157172
    - 0.999957805971322
    - 0.005701242834909263
  - - 0.0
    - 0.0
    - 0.0
    - 1.0
  cam_overlaps:
  - 0
  camera_model: pinhole
  distortion_coeffs:
  - 0.02904639015524337
  - -0.05691934881864534
  - 0.10247894127389645
  - -0.0702373801909529
  distortion_model: equidistant
  intrinsics:
  - 465.4009751413733
  - 465.89405732904993
  - 542.2507732527565
  - 556.9887235669287
  resolution:
  - 1100
  - 1100
  rostopic: /stereo/right/image_raw
  timeshift_cam_imu: 0.012729608889888186
