rot:
  max: 1.7796690733219083
  mean: 0.7317304791954089
  median: 0.7064025836072336
  min: 0.10274555959512155
  num_samples: 2794
  rmse: 0.7907307856810866
  std: 0.29970932791670984
scale:
  max: 4.046281430893206
  mean: 1.2086434947333096
  median: 1.0448526614084852
  min: 0.0003753562677011324
  num_samples: 2794
  rmse: 1.4852225431068886
  std: 0.8631725813484444
trans:
  max: 0.10197136974582585
  mean: 0.048495541921457164
  median: 0.04105307989532471
  min: 0.0013385666686441431
  num_samples: 2794
  rmse: 0.05453604489073214
  std: 0.024947196356868196
