rot:
  max: 1.6811353764173338
  mean: 0.710092658965326
  median: 0.6973143961111723
  min: 0.05529656741246473
  num_samples: 2794
  rmse: 0.7751925919405692
  std: 0.31095332492689576
scale:
  max: 3.5690414566893702
  mean: 1.3798267532284023
  median: 1.3345355032969408
  min: 0.000980875418477023
  num_samples: 2794
  rmse: 1.6059297963676997
  std: 0.821637780251595
trans:
  max: 0.11387677210580947
  mean: 0.05426325153342039
  median: 0.05142041594058001
  min: 0.010585311073742316
  num_samples: 2794
  rmse: 0.058206076921905735
  std: 0.02105817949537785
